X0,0,1,2,3
Z0,0,1,2,3
X1,4,5,8,9
Z1,4,5,8,9
X2,6,7,10,11
Z2,6,7,10,11
X3,12,13,18,19
Z3,12,13,18,19
X4,14,15,20,21
Z4,14,15,20,21
X5,16,17,22,23
Z5,16,17,22,23
X6,24,25,32,33
Z6,24,25,32,33
X7,26,27,34,35
Z7,26,27,34,35
X8,28,29,36,37
Z8,28,29,36,37
X9,30,31,38,39
Z9,30,31,38,39
X10,40,41,50,51
Z10,40,41,50,51
X11,42,43,52,53
Z11,42,43,52,53
X12,44,45,54,55
Z12,44,45,54,55
X13,46,47,56,57
Z13,46,47,56,57
X14,48,49,58,59
Z14,48,49,58,59
X15,0,2,5,4
Z15,0,2,5,4
X16,12,18,25,24
Z16,12,18,25,24
X17,8,9,14,20,27,26,19,13
Z17,8,9,14,20,27,26,19,13
X18,10,11,16,22,29,28,21,15
Z18,10,11,16,22,29,28,21,15
X19,40,50,61,60
Z19,40,50,61,60
X20,32,33,42,52,63,62,51,41
Z20,32,33,42,52,63,62,51,41
X21,34,35,44,54,65,64,53,43
Z21,34,35,44,54,65,64,53,43
X22,36,37,46,56,67,66,55,45
Z22,36,37,46,56,67,66,55,45
X23,38,39,48,58,69,68,57,47
Z23,38,39,48,58,69,68,57,47
X24,2,3,6,10,15,14,9,5
Z24,2,3,6,10,15,14,9,5
X25,17,16,11,7
Z25,17,16,11,7
X26,18,19,26,34,43,42,33,25
Z26,18,19,26,34,43,42,33,25
X27,20,21,28,36,45,44,35,27
Z27,20,21,28,36,45,44,35,27
X28,22,23,30,38,47,46,37,29
Z28,22,23,30,38,47,46,37,29
X29,49,48,39,31
Z29,49,48,39,31
X30,50,51,62,61
Z30,50,51,62,61
X31,52,53,64,63
Z31,52,53,64,63
X32,54,55,66,65
Z32,54,55,66,65
X33,56,57,68,67
Z33,56,57,68,67
X34,58,59,70,69
Z34,58,59,70,69
OX0,0,1,2,3,4,5,6,7,8,9,10,11,12,13,14,15,16,17,18,19,20,21,22,23,24,25,26,27,28,29,30,31,32,33,34,35,36,37,38,39,40,41,42,43,44,45,46,47,48,49,50,51,52,53,54,55,56,57,58,59,60,61,62,63,64,65,66,67,68,69,70
OZ0,0,1,2,3,4,5,6,7,8,9,10,11,12,13,14,15,16,17,18,19,20,21,22,23,24,25,26,27,28,29,30,31,32,33,34,35,36,37,38,39,40,41,42,43,44,45,46,47,48,49,50,51,52,53,54,55,56,57,58,59,60,61,62,63,64,65,66,67,68,69,70
