X0,0,1,2,3
Z0,0,1,2,3
X1,4,5,8,9
Z1,4,5,8,9
X2,6,7,10,11
Z2,6,7,10,11
X3,12,13,18,19
Z3,12,13,18,19
X4,14,15,20,21
Z4,14,15,20,21
X5,16,17,22,23
Z5,16,17,22,23
X6,0,2,5,4
Z6,0,2,5,4
X7,12,18,25,24
Z7,12,18,25,24
X8,8,9,14,20,27,26,19,13
Z8,8,9,14,20,27,26,19,13
X9,10,11,16,22,29,28,21,15
Z9,10,11,16,22,29,28,21,15
X10,2,3,6,10,15,14,9,5
Z10,2,3,6,10,15,14,9,5
X11,17,16,11,7
Z11,17,16,11,7
X12,18,19,26,25
Z12,18,19,26,25
X13,20,21,28,27
Z13,20,21,28,27
X14,22,23,30,29
Z14,22,23,30,29
OX0,0,1,2,3,4,5,6,7,8,9,10,11,12,13,14,15,16,17,18,19,20,21,22,23,24,25,26,27,28,29,30
OZ0,0,1,2,3,4,5,6,7,8,9,10,11,12,13,14,15,16,17,18,19,20,21,22,23,24,25,26,27,28,29,30
