X0,0,1,2,3
Z0,0,1,2,3
X1,4,5,8,9
Z1,4,5,8,9
X2,6,7,10,11
Z2,6,7,10,11
X3,12,13,18,19
Z3,12,13,18,19
X4,14,15,20,21
Z4,14,15,20,21
X5,16,17,22,23
Z5,16,17,22,23
X6,24,25,32,33
Z6,24,25,32,33
X7,26,27,34,35
Z7,26,27,34,35
X8,28,29,36,37
Z8,28,29,36,37
X9,30,31,38,39
Z9,30,31,38,39
X10,0,2,5,4
Z10,0,2,5,4
X11,12,18,25,24
Z11,12,18,25,24
X12,8,9,14,20,27,26,19,13
Z12,8,9,14,20,27,26,19,13
X13,10,11,16,22,29,28,21,15
Z13,10,11,16,22,29,28,21,15
X14,32,33,41,40
Z14,32,33,41,40
X15,34,35,43,42
Z15,34,35,43,42
X16,36,37,45,44
Z16,36,37,45,44
X17,38,39,47,46
Z17,38,39,47,46
X18,2,3,6,10,15,14,9,5
Z18,2,3,6,10,15,14,9,5
X19,17,16,11,7
Z19,17,16,11,7
X20,18,19,26,34,42,41,33,25
Z20,18,19,26,34,42,41,33,25
X21,20,21,28,36,44,43,35,27
Z21,20,21,28,36,44,43,35,27
X22,22,23,30,38,46,45,37,29
Z22,22,23,30,38,46,45,37,29
X23,48,47,39,31
Z23,48,47,39,31
OX0,0,1,2,3,4,5,6,7,8,9,10,11,12,13,14,15,16,17,18,19,20,21,22,23,24,25,26,27,28,29,30,31,32,33,34,35,36,37,38,39,40,41,42,43,44,45,46,47,48
OZ0,0,1,2,3,4,5,6,7,8,9,10,11,12,13,14,15,16,17,18,19,20,21,22,23,24,25,26,27,28,29,30,31,32,33,34,35,36,37,38,39,40,41,42,43,44,45,46,47,48
